0 0.405213 0.314376 0.395103 0.347551 0.366035 0.375987 0.392575 0.406003 0.436809 0.415482 0.43049 0.382306 0.41406 0.350711 0.422907 0.315956
0 0.263665 0.42654 0.248499 0.459716 0.244708 0.481833 0.277567 0.507109 0.299052 0.480253 0.295261 0.445498
0 0.502528 0.563981 0.48357 0.560821 0.48357 0.590837 0.508847 0.600316 0.518957 0.592417
0 0.277567 0.00315956 0.24218 0.0300158 0.227014 0.0410742 0.257346 0.0695103 0.278831 0.0505529 0.299052 0
0 0.373618 0.00789889 0.403949 0.0505529 0.426698 0.0394945 0.403949 0
0 0.216904 0.0995261 0.210585 0.134281 0.240916 0.162717 0.227014 0.176935 0.191627 0.164297 0.162559 0.153239 0.166351 0.113744 0.203002 0.101106
0 0.1297 0.635071 0.105687 0.64139 0.104423 0.672986 0.122117 0.71248 0.127172 0.734597 0.15624 0.71564 0.152449 0.682464 0.171406 0.666667 0.166351 0.64613 0.138547 0.64139 0.132227 0.64613
0 0.114534 0.770932 0.11327 0.805687 0.10316 0.832543 0.138547 0.846761 0.147393 0.830964 0.134755 0.794629 0.132227 0.772512
0 0.362243 0.804107 0.336967 0.818325 0.305371 0.812006 0.338231 0.843602 0.355924 0.832543 0.37109 0.830964
0 0.611216 0.921011 0.592259 0.936809 0.607425 0.949447 0.627646 0.947867 0.625118 0.921011
