0 0.89684 0.562401 0.904423 0.516588 0.901896 0.49763 0.867773 0.540284 0.877883 0.578199 0.884202 0.609795 0.845024 0.608215 0.828594 0.649289 0.809637 0.627172 0.821011 0.595577 0.803318 0.598736 0.776777 0.624013 0.78436 0.652449 0.813428 0.654028 0.848815 0.658768 0.839968 0.688784 0.836177 0.753555 0.836177 0.781991 0.793207 0.755134 0.812164 0.815166 0.862717 0.796209 0.893049 0.761453 0.894313 0.693523 0.922117 0.672986 0.925908 0.605055 0.944866 0.581359 0.952449 0.559242 0.927172 0.552923
0 0.925908 0.519747 0.965087 0.491311 0.943602 0.448657 0.9297 0.421801 0.908215 0.445498 0.908215 0.494471
0 0.704739 0.510269 0.738863 0.494471 0.790679 0.489731 0.799526 0.481833 0.779305 0.434439 0.754028 0.421801 0.745182 0.454976 0.722433 0.461295 0.703476 0.464455 0.687046 0.481833 0.690837 0.50237 0.697156 0.518167
0 0.663033 0.407583 0.683254 0.372828 0.668088 0.36019 0.64534 0.36019 0.631438 0.352291 0.636493 0.380727
0 0.726224 0.315956 0.748973 0.366509 0.756556 0.375987 0.772986 0.35387 0.761611 0.315956 0.778041 0.300158 0.765403 0.279621 0.733807 0.28752 0.721169 0.2891
0 0.943602 0.401264 0.962559 0.375987 0.947393 0.341232 0.932227 0.347551 0.943602 0.303318 0.949921 0.268562 0.953712 0.249605 0.942338 0.243286 0.920853 0.2891 0.922117 0.331754 0.922117 0.371248
0 0.723697 0.665087 0.751501 0.658768 0.736335 0.628752 0.709795 0.64455 0.702212 0.668246 0.706003 0.695103 0.71485 0.706161 0.726224 0.677725
0 0.707267 0.812006 0.71485 0.780411 0.704739 0.753555 0.711058 0.736177 0.703476 0.721959 0.690837 0.731438 0.680727 0.763033 0.685782 0.78515 0.681991 0.802528 0.687046 0.816746
0 0.584676 0.766193 0.632701 0.763033 0.652923 0.725118 0.642812 0.688784 0.590995 0.699842 0.580885 0.736177
0 0.62891 0.860979 0.615008 0.892575 0.594787 0.895735 0.604897 0.92575 0.630174 0.906793 0.637757 0.878357 0.676935 0.870458 0.687046 0.846761 0.675671 0.819905 0.660506 0.840442
0 0.807109 0.109005 0.822275 0.120063 0.836177 0.109005 0.838705 0.0916272 0.833649 0.0821485
0 0.644076 0.969984 0.675671 0.976303 0.681991 0.960506 0.67188 0.943128 0.644076 0.939968 0.637757 0.955766
0 0.791943 0.0110585 0.76793 0.0442338 0.786888 0.0521327 0.803318 0.0473934 0.804581 0.0252765
