0 0.652923 0.372828 0.625118 0.418641 0.636493 0.453397 0.661769 0.459716 0.695893 0.42812 0.678199 0.391785 0.664297 0.368088
0 0.630174 0.270142 0.639021 0.317536 0.674408 0.301738 0.660506 0.279621 0.679463 0.254344 0.660506 0.229068 0.635229 0.255924
0 0.563191 0.361769 0.573302 0.312796 0.56951 0.303318 0.536651 0.300158 0.535387 0.320695
0 0.865245 0.180095 0.809637 0.232227 0.818483 0.361769 0.807109 0.412322 0.788152 0.454976 0.76793 0.507109 0.781833 0.548183 0.76793 0.565561 0.746445 0.556082 0.718641 0.590837 0.712322 0.560821 0.721169 0.537125 0.683254 0.551343 0.666825 0.584518 0.673144 0.608215 0.711058 0.595577 0.732543 0.619273 0.726224 0.649289 0.708531 0.690363 0.687046 0.71406 0.687046 0.748815 0.718641 0.763033 0.764139 0.756714 0.790679 0.718799 0.799526 0.674566 0.804581 0.628752 0.823539 0.608215 0.833649 0.543444 0.850079 0.503949 0.839968 0.484992 0.798262 0.510269 0.805845 0.461295 0.84376 0.467615 0.85387 0.42654 0.842496 0.391785 0.837441 0.350711 0.851343 0.328594 0.831122 0.265403 0.847551 0.225908 0.875355 0.192733
0 0.61248 0.649289 0.630174 0.608215 0.651659 0.597156 0.644076 0.575039 0.609953 0.582938 0.594787 0.612954 0.599842 0.654028
0 0.597314 0.671406 0.578357 0.695103 0.583412 0.731438 0.590995 0.767773 0.625118 0.777251 0.627646 0.753555 0.607425 0.71722
0 0.565719 0.769352 0.549289 0.796209 0.505055 0.815166 0.503791 0.845182 0.51643 0.870458 0.537915 0.85782 0.545498 0.830964 0.579621 0.818325 0.588468 0.789889 0.588468 0.777251
0 0.967615 0.698262 0.94613 0.679305 0.941074 0.649289 0.971406 0.64613 0.980253 0.654028
0 0.876619 0.394945 0.90316 0.396524 0.923381 0.35861 0.912006 0.333333 0.882938 0.336493 0.867773 0.369668
0 0.891785 0.236967 0.89684 0.270142 0.90316 0.309637 0.925908 0.306477 0.934755 0.298578 0.925908 0.270142 0.932227 0.233807 0.930964 0.222749
0 0.510111 0.707741 0.536651 0.706161 0.553081 0.671406 0.545498 0.64139 0.506319 0.635071 0.47346 0.672986 0.484834 0.709321 0.5 0.679305
0 0.537915 0.911532 0.578357 0.92575 0.583412 0.895735 0.558136 0.870458 0.537915 0.881517
