0 0.598578 0.225908 0.579621 0.263823 0.604897 0.28752 0.618799 0.292259 0.588468 0.352291 0.618799 0.380727 0.588468 0.404423 0.615008 0.434439 0.639021 0.390205 0.679463 0.352291 0.657978 0.304897 0.652923 0.274882 0.670616 0.259084 0.64534 0.221169 0.622591 0.202212
0 0.663033 0.042654 0.650395 0.0837283 0.679463 0.102686 0.708531 0.0805687 0.690837 0.0537125 0.674408 0.0394945
0 0.808373 0.104265 0.785624 0.120063 0.783096 0.153239 0.819747 0.148499 0.838705 0.139021 0.81722 0.104265
0 0.927172 0.186414 0.891785 0.225908 0.904423 0.243286 0.947393 0.238547 0.933491 0.199052
0 0.704739 0.281201 0.754028 0.28278 0.770458 0.241706 0.756556 0.210111 0.726224 0.208531 0.712322 0.243286 0.694629 0.257504
0 0.668088 0.43128 0.642812 0.470774 0.618799 0.461295 0.60237 0.475513 0.631438 0.516588 0.650395 0.541864 0.679463 0.521327 0.678199 0.459716 0.679463 0.43128
0 0.910742 0.432859 0.885466 0.420221 0.877883 0.453397 0.909479 0.469194 0.928436 0.454976 0.925908 0.43128
0 0.952449 0.265403 0.949921 0.312796 0.923381 0.308057 0.909479 0.319115 0.925908 0.371248 0.957504 0.35861 0.976461 0.315956 0.967615 0.28752
0 0.796998 0.513428 0.77425 0.540284 0.793207 0.559242 0.808373 0.589258 0.829858 0.560821 0.818483 0.546603
0 0.918325 0.652449 0.894313 0.666667 0.879147 0.71248 0.895577 0.744076 0.928436 0.718799 0.951185 0.671406
0 0.78436 0.693523 0.803318 0.671406 0.788152 0.655608 0.770458 0.671406 0.76793 0.685624
